306.000 5.000 95.000 65.000
308.878 18.594 99.283 67.930
312.535 38.674 103.758 70.992
317.039 65.131 108.436 74.193
323.604 106.047 103.894 71.086
323.321 131.896 108.578 74.290
323.442 155.699 104.031 71.179
318.757 146.209 99.674 68.198
316.233 125.237 95.500 65.342
311.555 101.666 99.805 68.287
299.809 74.767 95.625 65.428
275.925 53.407 91.620 62.687
252.119 45.351 95.750 65.513
232.914 35.667 100.067 68.467
215.460 29.498 104.578 71.553
203.846 29.616 100.198 68.556
202.640 38.320 96.002 65.685
201.743 46.340 100.329 68.646
210.471 70.310 96.128 65.772
217.199 89.157 100.461 68.736
224.213 112.130 104.990 71.835
232.229 129.891 109.723 75.073
236.991 133.987 114.669 78.458
246.516 114.811 119.838 81.995
267.200 77.018 114.819 78.561
282.504 55.898 110.011 75.271
277.553 38.611 105.404 72.118
262.358 26.200 100.989 69.098
244.473 22.314 96.760 66.204
237.550 19.865 92.708 63.431
236.433 18.746 88.825 60.775
236.776 19.135 92.829 63.515
240.207 29.364 97.014 66.378
252.767 47.744 101.387 69.370
267.198 67.577 105.958 72.497
287.209 91.143 110.734 75.766
321.708 126.372 106.097 72.593
342.708 155.072 106.097 72.593
368.730 178.292 101.653 69.552
388.965 184.443 97.396 66.640
411.584 169.760 93.317 63.849
427.699 150.164 89.409 61.175
425.094 135.210 93.440 63.932
403.580 118.637 89.526 61.255
370.282 111.355 93.562 64.016
345.320 107.441 97.780 66.902
330.595 101.746 93.685 64.100
321.689 96.595 97.908 66.990
311.070 93.144 102.322 70.010
309.166 93.261 98.037 67.078
312.513 100.489 93.931 64.269
317.211 109.574 98.165 67.166
333.545 129.153 94.054 64.353
333.290 145.106 98.294 67.254
335.618 150.081 102.725 70.286
341.444 151.889 107.356 73.454
347.939 139.270 102.860 70.378
367.053 123.783 98.552 67.431
379.422 100.347 98.552 67.431
385.663 78.647 102.995 70.470
385.779 48.825 98.682 67.519
367.931 29.076 103.130 70.563
348.597 10.475 107.779 73.744
338.042 2.055 103.265 70.655
340.204 0.805 98.941 67.696
339.011 0.264 94.797 64.861
333.747 2.555 99.071 67.785
330.859 6.921 103.537 70.841
332.631 14.220 108.204 74.034
344.176 37.896 103.672 70.934
357.980 57.173 99.331 67.963
